          [
           120.223774,30.20612
         ],[
            120.218744,30.187891
          ],[
            120.217882,30.182334
          ],[
            120.209761,30.181585
          ],[
            120.197041,30.182834
          ],[
            120.189136,30.183083
          ],[
            120.174404,30.183583
          ],[
            120.17426,30.17353
          ],[
            120.178572,30.165225
          ],[
            120.181734,30.16435
          ],[
            120.184968,30.163788
          ],[
            120.184968,30.163788
          ],[
            120.190142,30.161915
          ],[
            120.187555,30.154982
          ],[
            120.188489,30.149923
          ],[
            120.194885,30.152484
          ],[
            120.200993,30.155794
          ],[
            120.206527,30.159854
          ],[
            120.206527,30.159854
          ]